# z_cor,fo3,fo3err,Lo3,Lo3err,v98,v50,v90,v10,w80,w90,                                                v98err,v50err,v90err,v10err,w80err,w90err,                                                v98err_1s,v50err_1s,v90err_1s,v10err_1s,v05err_1s,                                                    v95err_1s,w80err_1s,w90err_1s
4.889834392906932337e+00 nan nan nan nan 0.000000000000000000e+00 nan nan nan nan 0.000000000000000000e+00 nan nan nan nan nan nan 0.000000000000000000e+00 nan nan nan nan nan nan 0.000000000000000000e+00
4.759390404501803395e+00 8.990851812676664849e+02 2.419390933789936859e+00 2.083842741228920171e+44 5.607511213192020115e+41 -1.685331293275547750e+03 -2.125364695383741491e+02 4.227697496421013739e+02 -1.115354642014059209e+03 1.538124391656160697e+03 2.011910219875539951e+03 4.312826706101577656e+01 1.985237877595079681e+01 1.963648911263362606e+01 3.187835904541134369e+01 3.638598880436893523e+01 4.861088533609290607e+01 2.178453826088434653e+01 8.460879698589256037e+00 8.634601122051662969e+00 1.578500813244636447e+01 1.858082370905003700e+01 1.009823431931727100e+01 1.642778698377333058e+01 2.175531218904870912e+01
4.820315498400137066e+00 1.037018920293820884e+03 5.312397420029024708e+00 2.476524532017623363e+44 1.268663693310572569e+42 -1.729205348854218528e+03 -1.567181190655878709e+02 6.040390293797414643e+02 -1.106150471897313764e+03 1.710189501277055115e+03 2.277577569042199684e+03 1.209874024160744739e+02 3.788531130024381355e+01 4.209637462448790757e+01 7.656492029442915737e+01 1.095472200102094575e+02 1.484357069309116923e+02 6.140668223214606769e+01 1.897696277553246347e+01 1.882749911607379545e+01 3.825817005116687142e+01 4.846762202216905280e+01 2.387665379337704508e+01 4.863352201382713247e+01 6.576316250590116397e+01
4.900000000000000355e+00 nan nan nan nan 0.000000000000000000e+00 nan nan nan nan 0.000000000000000000e+00 nan nan nan nan nan nan 0.000000000000000000e+00 nan nan nan nan nan nan 0.000000000000000000e+00
4.787224305844251404e+00 nan nan nan nan 0.000000000000000000e+00 nan nan nan nan 0.000000000000000000e+00 nan nan nan nan nan nan 0.000000000000000000e+00 nan nan nan nan nan nan 0.000000000000000000e+00
5.918121873758138030e+00 nan nan nan nan 0.000000000000000000e+00 nan nan nan nan 0.000000000000000000e+00 nan nan nan nan nan nan 0.000000000000000000e+00 nan nan nan nan nan nan 0.000000000000000000e+00
5.720578511545529210e+00 3.518318873153533843e+01 3.572268260869628786e-01 1.254581784356428846e+43 1.273819358193824884e+41 -1.345849622195266647e+03 -2.462816945112728035e+02 4.397272695272903889e+02 -9.325532673393513505e+02 1.372280536866641796e+03 1.760258999540794321e+03 8.088181118651573343e+01 3.247867904926197298e+02 1.226614871300009781e+02 2.106284291776191822e+02 8.847865028667092702e+01 2.220479058826003893e+01 3.340228474239756906e+01 1.319726493984271656e+02 5.032385713275925809e+01 8.321351058962227398e+01 4.838716240095891408e+01 4.223236845292967701e+01 3.288965345686210640e+01 7.165114512773470778e+00
5.851043313051315309e+00 4.749223718476927729e+02 1.154384085920717284e+00 1.784873103741161248e+44 4.338454510640514710e+41 -2.942007199316931747e+03 -4.125544726424246278e+02 3.831361288411949886e+02 -2.050301547973030210e+03 2.433437676814225142e+03 3.168029256944667395e+03 5.236419426202382965e+01 1.377525151836343298e+01 1.820107385964138302e+01 2.999189780380311277e+01 3.493778719839701807e+01 4.996388089562242385e+01 2.495832559812924956e+01 6.897040479729469098e+00 9.033485689212056968e+00 1.420386461533735201e+01 1.870347519443066631e+01 1.080397404970108255e+01 1.614715682467794977e+01 2.299774816792523779e+01
6.012332044022307365e+00 nan nan nan nan 0.000000000000000000e+00 nan nan nan nan 0.000000000000000000e+00 nan nan nan nan nan nan 0.000000000000000000e+00 nan nan nan nan nan nan 0.000000000000000000e+00
5.751005806820069566e+00 3.301750690356645350e+02 1.416300819933458355e+00 1.192007121056832190e+44 5.113168198465505040e+41 -1.790227445210842689e+03 -1.035569805558648255e+02 5.051805393018868813e+02 -9.774966306368812639e+02 1.482677169938768202e+03 2.096353576319726017e+03 1.171858793970982333e+02 2.670366672288907495e+01 2.778165527545570512e+01 6.668678477606772503e+01 7.310690228259500145e+01 1.045653955715515622e+02 5.153146557945592576e+01 1.184722899716470224e+01 1.052065658707806506e+01 2.981982273213952794e+01 3.821213045809190589e+01 1.508725038979855526e+01 2.987501420697299181e+01 4.259896066037163109e+01
4.852373295080885107e+00 1.149608561601772152e+02 1.789603333236417626e+00 2.788515408849597355e+43 4.340900578806769913e+41 -1.281922157882218698e+03 -1.565671116332041493e+02 5.459796524692667390e+02 -8.588255993503391892e+02 1.404805251819605928e+03 1.802710685238066162e+03 1.061050313800988079e+02 3.669815235187104463e+02 1.405024238254020474e+02 3.151702638741508053e+02 1.748757656676580154e+02 4.635785567801212892e+01 4.628912107168434886e+01 1.852106636954378018e+02 7.019953199829296864e+01 1.142179900598075619e+02 6.717062849874128005e+01 5.885974574302508699e+01 4.375750997667455522e+01 9.722033385650320270e+00
5.839556378158063055e+00 5.580149319228138438e+01 3.294906444717128347e-01 2.087578253226545150e+43 1.232650713611890461e+41 -2.362081854182389179e+03 -1.208637540467618692e+02 1.277729776603892333e+03 -1.519599202928648538e+03 2.797328979532540870e+03 3.589986383519428728e+03 2.914542523847740085e+01 3.758193056386869557e+02 9.168566514184044536e+01 5.184794937390051928e+01 3.983771576794060820e+01 3.641153587965436600e+01 1.373897652985851892e+01 1.791629626693679711e+02 4.347086419844868033e+01 2.405698237206979684e+01 1.791380036271129939e+01 3.560656227353774739e+01 1.940821023837725079e+01 1.769276191082644800e+01
4.790825094767667380e+00 2.761908778130662085e+03 4.290014775343732545e+00 6.501271563848773960e+44 1.009828828825780852e+42 -8.384029231513157356e+03 -1.521035981262080668e+03 1.211205920493947360e+03 -5.937092162309509149e+03 7.148298082803456055e+03 9.154864174796884981e+03 3.444264638752774772e+02 1.181646529984325298e+02 1.113130977071646157e+02 2.526416823446602393e+02 2.037688736621284988e+02 2.570905691800562636e+02 1.607266024741857109e+02 5.592832294495349288e+01 5.038471030506434545e+01 1.269622130715879393e+02 1.451586422952450448e+02 5.775653519334719022e+01 9.557650544525222358e+01 1.263146718487132603e+02
5.614220184112931555e+00 nan nan nan nan 0.000000000000000000e+00 nan nan nan nan 0.000000000000000000e+00 nan nan nan nan nan nan 0.000000000000000000e+00 nan nan nan nan nan nan 0.000000000000000000e+00
5.837056525265378326e+00 2.351032963120914587e+02 7.827137672234087962e-01 8.786633828557390419e+43 2.925275558890192435e+41 -2.817396530513342896e+03 -3.056537637318490965e+02 4.479342723244179183e+02 -1.914263347591901265e+03 2.362197619916319127e+03 3.180025823157825471e+03 1.645067788470219057e+02 3.962639399657093975e+01 4.976012148199652074e+01 9.038376991908489799e+01 1.094649684553014595e+02 1.580291944211412556e+02 9.224881741670469637e+01 2.047804405945510098e+01 1.920457352254061334e+01 5.299347771789052786e+01 7.179413836844878460e+01 2.427270282771178245e+01 5.260194466986922635e+01 7.458236628431768622e+01
4.859702832165352149e+00 3.058145241792327056e+02 2.193462638212122062e+00 7.444264176855785752e+43 5.339417866021334736e+41 -2.523678799820219865e+03 -1.009684665199558481e+03 -6.479847477964652569e+01 -1.954335879254788097e+03 1.889537404475141557e+03 2.425291187636412815e+03 1.596031277918791602e+01 2.072508524882343863e+02 1.383683033119741594e+02 2.588901812946005521e+01 1.252488805866478287e+02 1.464346671730381786e+02 8.248700117473163118e+00 1.050128816490921508e+02 6.713395079382598851e+01 1.249039234028441570e+01 9.076077922757576744e+00 7.657716452826207387e+01 6.146326323900666466e+01 7.402598358374962118e+01
4.771287535993418594e+00 nan nan nan nan 0.000000000000000000e+00 nan nan nan nan 0.000000000000000000e+00 nan nan nan nan nan nan 0.000000000000000000e+00 nan nan nan nan nan nan 0.000000000000000000e+00
5.762118943454392017e+00 nan nan nan nan 0.000000000000000000e+00 nan nan nan nan 0.000000000000000000e+00 nan nan nan nan nan nan 0.000000000000000000e+00 nan nan nan nan nan nan 0.000000000000000000e+00
4.795751743993534433e+00 1.913494028594539486e+03 5.159197159553435164e+00 4.515084232096843749e+44 1.217365165361301148e+42 -6.977695170625117498e+03 -1.212457200483426504e+03 1.199054979233418862e+03 -4.897808963818706616e+03 6.096863943052125251e+03 7.972955571591382977e+03 1.057116088048944221e+03 2.639098513138289945e+02 1.174324521833796098e+02 7.452362865252580377e+02 6.601930445222351409e+02 8.673793539946254896e+02 4.843074910973291480e+02 1.315199788635546270e+02 6.399123178277295665e+01 3.522442695971494686e+02 4.192726955163952880e+02 6.963764089462392803e+01 3.162286412880557691e+02 4.208588468181633289e+02
4.880062389966537850e+00 3.637187221886867974e+02 3.786403609078824228e+00 8.941203609160129374e+43 9.308018408155938043e+41 -1.340311411787721909e+03 -1.199642092599042655e+02 3.252822099108173575e+02 -8.952587422856324793e+02 1.220540952196449780e+03 1.643591018451927994e+03 8.588290015106167630e+01 2.441646192713593422e+01 3.911037586318343529e+01 5.220899564218302658e+01 7.184369755498300947e+01 9.876248135974401521e+01 4.808338722037888147e+01 1.233413909457240365e+01 1.905881404453225514e+01 2.529921645306694700e+01 3.350830824718923395e+01 2.539302256591054174e+01 3.525992777650071730e+01 4.985730131926902686e+01
5.854726671393508219e+00 1.784324357855904282e+02 7.023757522956788346e-01 6.715758139932164332e+43 2.643569626230260673e+41 -3.939641488760283664e+03 -7.092051834052726917e+02 7.947170151069864232e+02 -2.740382128581995403e+03 3.535099143688981712e+03 4.508833630956227353e+03 5.846763734176383878e+02 3.987400988811930915e+02 4.696364936725760799e+02 4.477692318664730919e+02 4.227560672011250062e+02 5.818498542844026815e+02 3.260008467339566778e+02 1.944529584465835228e+02 1.843810718915308371e+02 2.655579401033905924e+02 2.904983866012007638e+02 1.948584444803786937e+02 1.901085383006975462e+02 2.561261418003205108e+02
4.837169489770681174e+00 6.936629180424679362e+02 5.014063489683881158e+00 1.670198236425390961e+44 1.207283794472959038e+42 -8.612109461636707692e+02 -9.399700078290874217e+01 2.921263931662978734e+02 -5.974017074158648484e+02 8.895281005821627787e+02 1.125152933361453961e+03 2.472606576658427002e+01 1.233855956349303007e+01 1.444099060637540788e+01 1.726627910623074058e+01 2.217044523518325150e+01 2.845459529588242731e+01 1.139288021460515665e+01 5.871231209835286791e+00 7.727974311251500694e+00 7.545204411065014938e+00 9.236483551763740252e+00 8.262417639389241231e+00 1.018650251232202208e+01 1.304716387510416098e+01
4.826012110325993e+00 nan nan nan nan 0.000000000000000000e+00 nan nan nan nan 0.000000000000000000e+00 nan nan nan nan nan nan 0.000000000000000000e+00 nan nan nan nan nan nan 0.000000000000000000e+00
5.829990739685001699e+00 nan nan nan nan 0.000000000000000000e+00 nan nan nan nan 0.000000000000000000e+00 nan nan nan nan nan nan 0.000000000000000000e+00 nan nan nan nan nan nan 0.000000000000000000e+00
4.779080375750400123e+00 8.246410890787715289e+02 4.070678762835687081e+00 1.929953351465001806e+44 9.526835644157064449e+41 -5.431944128246916989e+03 -6.897563794621148645e+02 1.703276895307529685e+03 -3.103237420733689760e+03 4.806514316041218990e+03 7.048488090290548826e+03 4.664840158757806421e+02 6.420033073914731858e+01 1.718980940895244203e+02 1.860219706491543548e+02 2.936014461867107457e+02 4.789316256167558095e+02 2.515091353296184025e+02 3.348282961908705602e+01 9.016372864370896423e+01 9.798569879962997220e+01 1.470725381092884163e+02 1.373052942428603274e+02 1.523346885393357297e+02 2.541219569286440674e+02
4.850744509062115739e+00 1.274645299658856601e+02 1.090524428737386531e+00 3.089368533160043086e+43 2.643113229763052469e+41 -1.935721079329070790e+03 -9.393301952326889648e+01 1.055257877778587954e+03 -1.243407601508233711e+03 2.298665479286821665e+03 2.949904117203636815e+03 5.935878347531979671e+01 4.483186258215184807e+02 1.381590026586786735e+02 1.128651823436612176e+02 2.629389297238594736e+01 3.381657777861073555e+01 3.380745451419988967e+01 2.703950833483493170e+02 8.236546807611739496e+01 6.351083132958683564e+01 4.562359026808553608e+01 6.816924012255640264e+01 1.839519339135222253e+01 2.254564985447086656e+01
5.768197253269970126e+00 nan nan nan nan 0.000000000000000000e+00 nan nan nan nan 0.000000000000000000e+00 nan nan nan nan nan nan 0.000000000000000000e+00 nan nan nan nan nan nan 0.000000000000000000e+00
